0,1,2
0.143826878695952,0.70422194990301,0.151951171401038
0.14382688001929775,0.7042219471815673,0.15195117279913506
0.14382688514726127,0.7042219366359789,0.15195117821675985
0.14382689498962212,0.7042219163952956,0.15195118861508228
0.14382691013417398,0.7042218852507275,0.15195120461509853
0.1438269310348822,0.704221842268701,0.1519512266964169
0.14382695806746992,0.7042217866765462,0.15195125525598382
0.14382699155521783,0.7042217178094411,0.15195129063534107
0.14382703178336162,0.7042216350808022,0.1519513331358363
0.14382707900805214,0.7042215379638584,0.15195138302808947
0.14382713346235654,0.7042214259793106,0.1519514405583329
0.1438271953604971,0.7042212986866134,0.15195150595288953
0.14382726490096903,0.704221155677564,0.15195157942146695
0.1438273422689085,0.7042209965714326,0.15195166115965897
0.1438274276379375,0.7042208210111676,0.15195175135089495
0.14382752117163272,0.7042206286603758,0.1519518501679915
0.1438276230247164,0.7042204192008731,0.15195195777441053
0.14382773334403598,0.7042201923306697,0.1519520743252944
0.14382785226938138,0.7042199477622894,0.15195219996832932
0.14382797993417473,0.7042196852213514,0.15195233484447396
0.14382811646605784,0.704219404445362,0.15195247908858023
0.1438282619873978,0.7042191051826749,0.15195263282992724
0.14382841661572515,0.7042187871915904,0.15195279619268454
0.1438285804641166,0.7042184502395674,0.15195296929631602
0.14382875364153133,0.7042180941025329,0.15195315225593575
0.14382893625310866,0.7042177185642695,0.15195334518262188
0.1438291284004323,0.7042173234158714,0.15195354818369633
0.14382933018176683,0.704216908455259,0.15195376136297425
0.1438295416922696,0.7042164734867422,0.15195398482098818
0.14382976302418216,0.7042160183206279,0.15195421865519
0.14382999426700302,0.7042155427728632,0.15195446296013373
0.1438302355076449,0.7042150466647136,0.15195471782764153
0.14383048683057775,0.7042145298224676,0.1519549833469547
0.14383074831795983,0.7042139920771678,0.15195525960487236
0.14383102004975737,0.7042134332643649,0.1519555466858778
0.14383130210385517,0.7042128532238897,0.1519558446722552
0.14383159455615796,0.7042122517996451,0.15195615364419696
0.14383189748068456,0.7042116288394126,0.15195647367990295
0.14383221094965465,0.7042109841946731,0.15195680485567226
0.1438325350335696,0.7042103177204417,0.15195714724598872
0.1438328698012875,0.7042096292751125,0.15195750092359994
0.14383321532009308,0.7042089187203157,0.1519578659595913
0.14383357165576297,0.7042081859207822,0.15195824242345493
0.14383393887262674,0.7042074307442191,0.15195863038315424
0.14383431703362415,0.7042066530611918,0.15195902990518415
0.14383470620035874,0.7042058527450133,0.151959441054628
0.14383510643314812,0.7042050296716413,0.1519598638952106
0.14383551779107165,0.7042041837195799,0.15196029848934844
0.14383594033201486,0.7042033147697884,0.15196074489819683
0.14383637411271175,0.7042024227055939,0.15196120318169445
0.14383681918878446,0.7042015074126101,0.15196167339860545
0.1438372756147812,0.7042005687786597,0.15196215560655912
0.14383774344421157,0.7041996066937007,0.15196264986208777
0.14383822272958063,0.7041986210497572,0.1519631562206622
0.14383871352242078,0.7041976117408535,0.15196367473672576
0.14383921587332238,0.7041965786629512,0.15196420546372646
0.14383972983196258,0.7041955217138899,0.1519647484541476
0.14384025544713305,0.7041944407933302,0.15196530375953685
0.14384079276676615,0.7041933358026997,0.1519658714305341
0.14384134183795985,0.7041922066451424,0.15196645151689783
0.14384190270700192,0.7041910532254677,0.15196704406753037
0.14384247541939252,0.7041898754501055,0.151967649130502
0.14384306001986605,0.7041886732270599,0.15196826675307407
0.14384365655241213,0.7041874464658668,0.15196889698172103
0.14384426506029543,0.7041861950775532,0.15196953986215142
0.14384488558607494,0.7041849189745969,0.1519701954393282
0.1438455181716222,0.7041836180708898,0.15197086375748808
0.14384616285813892,0.7041822922817008,0.15197154486016023
0.14384681968617402,0.7041809415236421,0.15197223879018393
0.1438474886956396,0.7041795657146347,0.1519729455897258
0.14384816992582666,0.7041781647738771,0.15197366530029632
0.14384886341542025,0.7041767386218142,0.15197439796276563
0.14384956920251357,0.7041752871801077,0.15197514361737874
0.14385028732462216,0.7041738103716075,0.1519759023037703
0.14385101781869705,0.7041723081203244,0.15197667406097862
0.14385176072113787,0.7041707803514028,0.15197745892745934
0.1438525160678051,0.7041692269910963,0.15197825694109868
0.14385328389403224,0.7041676479667419,0.15197906813922593
0.14385406423463717,0.7041660432067371,0.15197989255862573
0.14385485712393364,0.7041644126405162,0.15198073023555012
0.14385566259574173,0.7041627561985287,0.15198158120572955
0.14385648068339862,0.7041610738122172,0.1519824455043843
0.14385731141976843,0.7041593654139967,0.15198332316623486
0.14385815483725212,0.7041576309372355,0.15198421422551245
0.14385901096779696,0.7041558703162342,0.1519851187159689
0.14385987984290569,0.7041540834862079,0.15198603667088642
0.14386076149364527,0.7041522703832679,0.15198696812308687
0.14386165595065561,0.7041504309444034,0.15198791310494092
0.14386256324415791,0.7041485651074653,0.1519888716483768
0.14386348340396254,0.7041466728111486,0.15198984378488883
0.14386441645947723,0.704144753994977,0.1519908295455458
0.14386536243971423,0.7041428085992869,0.1519918289609989
0.14386632137329816,0.7041408365652123,0.15199284206148952
0.1438672932884728,0.7041388378346702,0.15199386887685692
0.1438682782131083,0.7041368123503462,0.1519949094365455
0.14386927617470782,0.7041347600556802,0.151995963769612
0.14387028720041414,0.7041326808948535,0.1519970319047324
0.14387131131701614,0.7041305748127751,0.15199811387020878
0.14387234855095485,0.7041284417550695,0.15199920969397573
0.14387339892832965,0.7041262816680635,0.15200031940360695
0.14387446247490415,0.7041240944987746,0.1520014430263213
0.14387553921611188,0.7041218801948992,0.15200258058898894
0.1438766291770618,0.704119638704801,0.1520037321181372
0.14387773238254392,0.7041173699774997,0.1520048976399564
0.14387884885703453,0.7041150739626602,0.15200607718030534
0.14387997862470123,0.704112750610582,0.15200727076471685
0.1438811217094082,0.7041103998721887,0.15200847841840306
0.14388227813472088,0.7041080216990185,0.1520097001662606
0.14388344792391095,0.7041056160432135,0.15201093603287558
0.14388463109996083,0.7041031828575104,0.15201218604252875
0.1438858276855684,0.7041007220952316,0.15201345021920004
0.14388703770315137,0.7040982337102752,0.15201472858657344
0.1438882611748515,0.704095717657107,0.15201602116804153
0.14388949812253912,0.704093173890751,0.15201732798670992
0.143890748567817,0.7040906023667813,0.15201864906540166
0.14389201253202455,0.7040880030413139,0.1520199844266616
0.14389329003624174,0.7040853758709978,0.1520213340927604
0.14389458110129294,0.7040827208130084,0.15202269808569874
0.14389588574775064,0.7040800378250383,0.15202407642721116
0.14389720399593928,0.7040773268652906,0.15202546913877021
0.14389853586593876,0.7040745878924712,0.15202687624159
0.143899881377588,0.7040718208657819,0.1520282977566301
0.1439012405504883,0.7040690257449127,0.15202973370459902
0.14390261340400698,0.704066202490035,0.15203118410595803
0.1439039999572803,0.7040633510617954,0.1520326489809244
0.14390540022921702,0.7040604714213081,0.15203412834947494
0.14390681423850146,0.7040575635301491,0.15203562223134937
0.14390824200359653,0.70405462735035,0.15203713064605354
0.14390968354274683,0.7040516628443905,0.15203865361286267
0.14391113887398171,0.7040486699751939,0.1520401911508244
0.14391260801511796,0.7040456487061201,0.15204174327876205
0.1439140909837629,0.7040425990009597,0.15204331001527743
0.143915587797317,0.7040395208239291,0.152044891378754
0.14391709847297676,0.7040364141396637,0.15204648738735954
0.14391862302773736,0.7040332789132133,0.15204809805904929
0.14392016147839518,0.7040301151100365,0.15204972341156833
0.14392171384155056,0.7040269226959948,0.15205136346245476
0.14392328013361014,0.704023701637348,0.15205301822904196
0.14392486037078955,0.7040204519007489,0.15205468772846156
0.14392645456911574,0.7040171734532386,0.15205637197764577
0.14392806274442935,0.7040138662622407,0.15205807099333002
0.1439296849123871,0.7040105302955575,0.15205978479205545
0.1439313210884641,0.7040071655213647,0.15206151339017124
0.14393297128795607,0.7040037719082067,0.15206325680383723
0.1439346355259816,0.7040003494249926,0.1520650150490259
0.14393631381748428,0.7039968980409907,0.152066788141525
0.14393800617723493,0.7039934177258254,0.1520685760969397
0.1439397126198336,0.7039899084494717,0.15207037893069472
0.14394143315971167,0.7039863701822516,0.1520721966580367
0.14394316781113392,0.70398280289483,0.15207402929403613
0.14394491658820047,0.70397920655821,0.15207587685358961
0.1439466795048487,0.7039755811437295,0.1520777393514218
0.14394845657485533,0.7039719266230571,0.15207961680208762
0.14395024781183813,0.7039682429681878,0.15208150921997404
0.14395205322925783,0.70396453015144,0.15208341661930216
0.14395387284042005,0.7039607881454508,0.15208533901412918
0.1439557066584769,0.7039570169231729,0.15208727641835015
0.14395755469642899,0.703953216457871,0.15208922884570003
0.1439594169671269,0.7039493867231178,0.1520911963097553
0.14396129348327313,0.703945527692791,0.15209317882393594
0.1439631842574236,0.7039416393410692,0.15209517640150713
0.1439650893019894,0.7039377216424296,0.15209718905558103
0.14396700862923836,0.7039337745716432,0.15209921679911845
0.14396894225129664,0.7039297981037729,0.1521012596449305
0.1439708901801504,0.7039257922141692,0.15210331760568038
0.1439728524276473,0.7039217568784677,0.152105390693885
0.14397482900549788,0.7039176920725857,0.1521074789219164
0.14397681992527728,0.7039135977727192,0.15210958230200355
0.1439788251984266,0.7039094739553395,0.15211170084623382
0.1439808448362544,0.7039053205971911,0.15211383456655453
0.14398287884993796,0.7039011376752877,0.15211598347477437
0.143984927250525,0.7038969251669099,0.1521181475825651
0.1439869900489348,0.7038926830496025,0.15212032690146277
0.14398906725595972,0.703888411301171,0.15212252144286934
0.14399115888226638,0.7038841098996796,0.152124731218054
0.1439932649383972,0.7038797788234482,0.15212695623815464
0.1439953854347715,0.7038754180510494,0.1521291965141792
0.14399752038168695,0.7038710275613062,0.15213145205700696
0.14399966978932074,0.7038666073332893,0.15213372287739
0.1440018336677308,0.7038621573463147,0.15213600898595442
0.14400401202685723,0.7038576775799411,0.15213831039320172
0.14400620487652316,0.7038531680139668,0.15214062710951004
0.14400841222643632,0.7038486286284283,0.15214295914513531
0.14401063408618991,0.7038440594035973,0.1521453065102128
0.14401287046526404,0.703839460319978,0.15214766921475795
0.1440151213730266,0.7038348313583056,0.15215004726866788
0.14401738681873458,0.7038301724995429,0.15215244068172246
0.1440196668115351,0.7038254837248794,0.15215484946358554
0.14402196136046655,0.7038207650157274,0.15215727362380602
0.1440242704744596,0.7038160163537214,0.15215971317181903
0.14402659416233837,0.7038112377207145,0.1521621681169472
0.14402893243282136,0.7038064290987773,0.1521646384684014
0.1440312852945226,0.7038015904701951,0.1521671242352823
0.14403365275595262,0.7037967218174662,0.1521696254265812
0.1440360348255194,0.7037918231232997,0.15217214205118096
0.14403843151152956,0.703786894370613,0.15217467411785737
0.14404084282218907,0.7037819355425309,0.15217722163528002
0.14404326876560442,0.7037769466223823,0.15217978461201329
0.14404570934978353,0.7037719275936991,0.15218236305651742
0.14404816458263667,0.7037668784402139,0.15218495697714948
0.14405063447197736,0.7037617991458582,0.1521875663821644
0.1440531190255234,0.7037566896947607,0.15219019127971592
0.1440556182508977,0.7037515500712449,0.1521928316778575
0.14405813215562904,0.7037463802598277,0.15219548758454327
0.14406066074715335,0.7037411802452176,0.1521981590076291
0.14406320403281409,0.7037359500123126,0.15220084595487332
0.1440657620198635,0.7037306895461987,0.15220354843393782
0.14406833471546324,0.703725398832148,0.15220626645238874
0.1440709221266853,0.7037200778556171,0.15220900001769763
0.14407352426051281,0.7037147266022452,0.15221174913724203
0.1440761411238409,0.7037093450578525,0.15221451381830656
0.14407877272347744,0.7037039332084389,0.15221729406808363
0.1440814190661439,0.7036984910401818,0.1522200898936744
0.14408408015847612,0.7036930185394343,0.1522229013020895
0.14408675600702506,0.7036875156927249,0.15222572830025
0.1440894466182576,0.7036819824867544,0.15222857089498804
0.1440921519985573,0.7036764189083949,0.15223142909304777
0.14409487215422512,0.7036708249446888,0.15223430290108608
0.14409760709148028,0.7036652005828463,0.15223719232567343
0.14410035681646075,0.7036595458102447,0.15224009737329458
0.14410312133522424,0.7036538606144264,0.1522430180503494
0.14410590065374876,0.7036481449830977,0.15224595436315355
0.14410869477793334,0.7036423989041274,0.1522489063179393
0.14411150371359885,0.7036366223655449,0.15225187392085632
0.14411432746648842,0.7036308153555394,0.15225485717797216
0.1441171660422685,0.7036249778624581,0.15225785609527334
0.1441200194465292,0.7036191098748051,0.1522608706786657
0.14412288768478512,0.7036132113812394,0.1522639009339754
0.144125770762476,0.7036072823705746,0.15226694686694942
0.14412866868496738,0.7036013228317763,0.15227000848325634
0.14413158145755106,0.703595332753962,0.152273085788487
0.14413450908544612,0.7035893121263987,0.15227617878815516
0.14413745157379912,0.7035832609385028,0.15227928748769817
0.14414040892768507,0.7035771791798373,0.15228241189247765
0.1441433811521078,0.7035710668401121,0.15228555200778013
0.1441463682520007,0.7035649239091817,0.15228870783881762
0.14414937023222726,0.7035587503770444,0.1522918793907284
0.14415238709758177,0.7035525462338407,0.15229506666857756
0.14415541885278976,0.7035463114698528,0.1522982696773575
0.14415846550250866,0.7035400460755026,0.15230148842198876
0.14416152705132843,0.703533750041351,0.1523047229073206
0.14416460350377197,0.7035274233580967,0.15230797313813138
0.14416769486429587,0.7035210660165747,0.15231123911912942
0.1441708011372908,0.7035146780077558,0.15231452085495342
0.14417392232708223,0.7035082593227446,0.1523178183501732
0.14417705843793077,0.7035018099527792,0.15232113160928998
0.14418020947403296,0.7034953298892297,0.15232446063673738
0.14418337543952153,0.7034888191235968,0.1523278054368816
0.14418655633846614,0.7034822776475117,0.15233116601402216
0.14418975217487384,0.7034757054527337,0.1523345423723924
0.1441929629526895,0.7034691025311505,0.15233793451616012
0.14419618867579642,0.7034624688747757,0.15234134244942796
0.1441994293480169,0.7034558044757491,0.15234476617623405
0.14420268497311248,0.7034491093263351,0.15234820570055246
0.14420595555478477,0.7034423834189214,0.15235166102629388
0.14420924109667566,0.7034356267460184,0.15235513215730592
0.14421254160236796,0.7034288393002582,0.1523586190973738
0.14421585707538587,0.7034220210743934,0.15236212185022074
0.14421918751919535,0.7034151720612961,0.1523656404195085
0.14422253293720474,0.7034082922539573,0.152369174808838
0.14422589333276511,0.7034013816454854,0.1523727250217495
0.14422926870917077,0.7033944402291058,0.15237629106172346
0.14423265906965968,0.7033874679981597,0.15237987293218072
0.144236064417414,0.7033804649461028,0.1523834706364832
0.14423948475556048,0.7033734310665053,0.15238708417793426
0.1442429200871708,0.7033663663530502,0.1523907135597791
0.1442463704152622,0.7033592707995324,0.15239435878520538
0.1442498357427978,0.7033521443998586,0.1523980198573436
0.14425331607268702,0.7033449871480455,0.15240169677926754
0.14425681140778607,0.7033377990382192,0.15240538955399474
0.14426032175089828,0.7033305800646149,0.1524090981844869
0.14426384710477463,0.7033233302215751,0.15241282267365033
0.1442673874721141,0.7033160495035494,0.1524165630243365
0.14427094285556402,0.7033087379050936,0.15242031923934232
0.14427451325772062,0.7033013954208688,0.1524240913214106
0.14427809868112926,0.7032940220456402,0.15242787927323054
0.14428169912828503,0.7032866177742768,0.15243168309743813
0.14428531460163288,0.7032791826017507,0.15243550279661647
0.14428894510356832,0.7032717165231354,0.15243933837329632
0.1442925906364375,0.7032642195336061,0.15244318982995642
0.14429625120253783,0.7032566916284383,0.1524470571690239
0.1442999268041182,0.703249132803007,0.15245094039287474
0.14430361744337952,0.7032415430527864,0.1524548395038341
0.14430732312247485,0.7032339223733485,0.1524587545041767
0.14431104384350998,0.7032262707603627,0.15246268539612728
0.14431477960854375,0.7032185882095953,0.152466632181861
0.1443185304195883,0.703210874716908,0.15247059486350364
0.14432229627860962,0.7032031302782582,0.1524745734431322
0.1443260771875277,0.7031953548896971,0.15247856792277517
0.14432987314821702,0.7031875485473701,0.1524825783044129
0.14433368416250686,0.7031797112475152,0.15248660458997798
0.14433751023218158,0.7031718429864628,0.15249064678135563
0.14434135135898107,0.703163943760635,0.15249470488038397
0.14434520754460103,0.7031560135665446,0.15249877888885446
0.14434907879069336,0.7031480524007944,0.15250286880851233
0.1443529650988663,0.703140060260077,0.1525069746410567
0.14435686647068505,0.7031320371411739,0.15251109638814112
0.14436078290767188,0.7031239830409542,0.15251523405137393
0.14436471441130655,0.7031158979563751,0.1525193876323184
0.1443686609830266,0.7031077818844802,0.1525235571324933
0.1443726226242276,0.7030996348223993,0.15252774255337306
0.14437659933626365,0.7030914567673481,0.15253194389638824
0.14438059112044752,0.7030832477166268,0.15253616116292576
0.14438459797805103,0.7030750076676198,0.15254039435432926
0.14438861991030527,0.7030667366177954,0.15254464347189942
0.14439265691840109,0.7030584345647046,0.15254890851689432
0.1443967090034892,0.7030501015059811,0.1525531894905297
0.1444007761666806,0.7030417374393402,0.15255748639397929
0.14440485840904682,0.7030333423625781,0.15256179922837515
0.14440895573162021,0.7030249162735719,0.15256612799480795
0.14441306813539428,0.7030164591702784,0.15257047269432733
0.14441719562132385,0.7030079710507341,0.15257483332794206
0.1444213381903256,0.7029994519130539,0.15257920989662055
0.14442549584327807,0.702990901755431,0.15258360240129099
0.1444296685810221,0.7029823205761362,0.15258801084284168
0.14443385640436104,0.7029737083735176,0.15259243522212143
0.1444380593140611,0.7029650651459992,0.1525968755399397
0.14444227731085155,0.7029563908920816,0.1526013317970669
0.14444651039542497,0.7029476856103403,0.15260580399423482
0.14445075856843773,0.7029389492994255,0.1526102921321368
0.14445502183050993,0.702930181958062,0.15261479621142807
0.14445930018222589,0.7029213835850483,0.1526193162327259
0.14446359362413433,0.7029125541792557,0.15262385219661
0.1444679021567487,0.7029036937396285,0.15262840410362288
0.14447222578054736,0.7028948022651829,0.15263297195426984
0.14447656449597385,0.7028858797550066,0.15263755574901955
0.14448091830343718,0.7028769262082588,0.15264215548830404
0.14448528720331202,0.7028679416241688,0.15264677117251924
0.14448967119593906,0.702858926002036,0.152651402802025
0.1444940702816251,0.7028498793412294,0.15265605037714552
0.14449848446064348,0.702840801641187,0.15266071389816951
0.1445029137332341,0.7028316929014155,0.15266539336535048
0.14450735809960388,0.7028225531214891,0.15267008877890706
0.1445118175599269,0.7028133823010501,0.15267480013902304
0.14451629211434458,0.7028041804398075,0.15267952744584795
0.144520781762966,0.702794947537537,0.152684270699497
0.14452528650586818,0.7027856835940803,0.15268902990005154
0.14452980634309615,0.7027763886093448,0.1526938050475591
0.14453434127466327,0.7027670625833028,0.15269859614203393
0.14453889130055153,0.7027577055159916,0.1527034031834569
0.14454345642071165,0.7027483174075124,0.15270822617177596
0.14454803663506335,0.7027388982580304,0.1527130651069063
0.14455263194349566,0.7027294480677737,0.15271791998873066
0.14455724234586695,0.7027199668370336,0.15272279081709947
0.1445618678420053,0.7027104545661637,0.15272767759183106
0.14456650843170873,0.7027009112555793,0.15273258031271203
0.1445711641147453,0.7026913369057574,0.15273749897949734
0.1445758348908534,0.702681731517236,0.15274243359191061
0.14458052075974195,0.7026720950906137,0.15274738414964437
0.14458522172109062,0.7026624276265493,0.15275235065236012
0.14458993777454998,0.7026527291257614,0.1527573330996887
0.1445946689197418,0.7026429995890277,0.15276233149123056
0.1445994151562592,0.702633239017185,0.15276734582655582
0.14460417648366686,0.7026234474111286,0.15277237610520453
0.1446089529015012,0.7026136247718119,0.15277742232668698
0.1446137444092706,0.7026037711002456,0.15278248449048376
0.14461855100645565,0.7025938863974982,0.15278756259604614
0.1446233726925093,0.7025839706646947,0.1527926566427961
0.14462820946685698,0.7025740239030164,0.15279776663012667
0.14463306132889694,0.702564046113701,0.1528028925574021
0.14463792827800037,0.7025540372980417,0.15280803442395804
0.1446428103135115,0.7025439974573868,0.15281319222910175
0.14464770743474806,0.7025339265931396,0.15281836597211232
0.14465261964100112,0.702523824706758,0.15282355565224087
0.14465754693153557,0.7025136917997538,0.1528287612687107
0.14466248930559011,0.7025035278736924,0.15283398282071753
0.14466744676237758,0.7024933329301928,0.1528392203074297
0.14467241930108496,0.7024831069709268,0.15284447372798832
0.1446774069208738,0.7024728499976187,0.15284974308150756
0.14468240962088014,0.7024625620120453,0.15285502836707465
0.14468742740021495,0.7024522430160347,0.15286032958375032
0.144692460257964,0.7024418930114672,0.1528656467305688
0.14469750819318838,0.7024315120002737,0.152870979806538
0.14470257120492433,0.7024210999844359,0.1528763288106398
0.14470764929218374,0.702410656965986,0.15288169374183028
0.1447127424539541,0.7024001829470062,0.1528870745990397
0.1447178506891987,0.7023896779296285,0.15289247138117282
0.14472297399685685,0.7023791419160341,0.15289788408710905
0.14472811237584413,0.7023685749084533,0.15290331271570262
0.14473326582505228,0.7023579769091649,0.15290875726578282
0.14473843434334976,0.7023473479204962,0.15291421773615407
0.14474361792958151,0.7023366879448224,0.1529196941255961
0.14474881658256944,0.7023259969845662,0.15292518643286432
0.14475403030111242,0.7023152750421979,0.15293069465668968
0.1447592590839864,0.7023045221202346,0.15293621879577904
0.14476450292994478,0.7022937382212399,0.15294175884881533
0.14476976183771834,0.7022829233478239,0.1529473148144577
0.14477503580601556,0.7022720775026429,0.1529528866913416
0.14478032483352257,0.7022612006883984,0.15295847447807906
0.1447856289189037,0.7022502929078375,0.15296407817325883
0.14479094806080112,0.7022393541637524,0.15296969777544647
0.14479628225783542,0.70222838445898,0.15297533328318463
0.1448016315086055,0.7022173837964014,0.15298098469499308
0.1448069958116889,0.7022063521789421,0.15298665200936895
0.14481237516564177,0.7021952896095713,0.15299233522478692
0.1448177695689992,0.7021841960913016,0.15299803433969925
0.14482317902027522,0.7021730716271887,0.15300374935253608
0.14482860351796306,0.7021619162203315,0.1530094802617055
0.14483404306053518,0.7021507298738712,0.15301522706559373
0.14483949764644352,0.7021395125909913,0.1530209897625652
0.14484496727411958,0.7021282643749176,0.15302676835096288
0.14485045194197463,0.7021169852289172,0.15303256282910824
0.14485595164839973,0.7021056751562987,0.1530383731953015
0.14486146639176603,0.7020943341604122,0.15304419944782177
0.14486699617042473,0.7020829622446482,0.15305004158492713
0.14487254098270738,0.7020715594124377,0.15305589960485488
0.14487810082692593,0.7020601256672525,0.15306177350582162
0.1448836757013729,0.7020486610126037,0.15306766328602342
0.14488926560432144,0.7020371654520426,0.1530735689436359
0.14489487053402564,0.7020256389891599,0.1530794904768145
0.14490049048872042,0.7020140816275852,0.15308542788369447
0.14490612546662188,0.7020024933709871,0.1530913811623911
0.14491177546592732,0.7019908742230728,0.1530973503109999
0.1449174404848154,0.701979224187588,0.15310333532759665
0.14492312052144624,0.7019675432683162,0.15310933621023753
0.1449288155739616,0.7019558314690791,0.15311535295695933
0.14493452564048498,0.7019440887937355,0.15312138556577953
0.14494025071912173,0.7019323152461818,0.1531274340346965
0.1449459908079592,0.7019205108303512,0.15313349836168955
0.1449517459050669,0.7019086755502141,0.1531395785447191
0.14495751600849652,0.7018968094097767,0.15314567458172682
0.14496330111628214,0.7018849124130822,0.15315178647063576
0.14496910122644038,0.7018729845642092,0.15315791420935046
0.14497491633697043,0.7018610258672725,0.1531640577957571
0.1449807464458542,0.7018490363264221,0.15317021722772362
0.14498659155105648,0.7018370159458437,0.15317639250309983
0.14499245165052507,0.7018249647297573,0.15318258361971762
0.14499832674219076,0.7018128826824184,0.15318879057539087
0.14500421682396766,0.7018007698081165,0.1531950133679159
0.14501012189375315,0.7017886261111755,0.1532012519950713
0.14501604194942808,0.7017764515959537,0.15320750645461825
0.14502197698885683,0.7017642462668428,0.15321377674430042
0.14502792700988748,0.701752010128268,0.15322006286184445
0.1450338920103519,0.7017397431846885,0.15322636480495963
0.1450398719880659,0.7017274454405957,0.15323268257133843
0.1450458669408292,0.7017151169005146,0.1532390161586563
0.1450518768664257,0.7017027575690024,0.15324536556457197
0.14505790176262362,0.7016903674506488,0.15325173078672752
0.14506394162717537,0.7016779465500762,0.1532581118227485
0.14506999645781796,0.7016654948719381,0.15326450867024402
0.14507606625227287,0.7016530124209203,0.15327092132680692
0.14508215100824634,0.7016404992017399,0.15327734979001378
0.14508825072342926,0.7016279552191456,0.15328379405742515
0.14509436539549758,0.7016153804779168,0.15329025412658565
0.14510049502211209,0.701602774982864,0.15329672999502394
0.14510663960091877,0.7015901387388283,0.15330322166025304
0.14511279912954878,0.701577471750681,0.1533097291197703
0.14511897360561854,0.701564774023324,0.1533162523710575
0.14512516302672998,0.7015520455616889,0.15332279141158112
0.14513136739047044,0.7015392863707374,0.15332934623879219
0.14513758669441296,0.7015264964554604,0.1533359168501267
0.14514382093611622,0.7015136758208784,0.15334250324300538
0.14515007011312478,0.7015008244720411,0.15334910541483412
0.14515633422296906,0.7014879424140271,0.15335572336300388
0.14516261326316554,0.7014750296519437,0.15336235708489077
0.14516890723121678,0.7014620861909269,0.15336900657785632
0.14517521612461162,0.7014491120361409,0.15337567183924752
0.14518153994082506,0.7014361071927782,0.15338235286639676
0.14518787867731867,0.7014230716660592,0.1533890496566222
0.1451942323315404,0.701410005461232,0.15339576220722764
0.1452006009009249,0.7013969085835723,0.15340249051550284
0.14520698438289342,0.7013837810383833,0.15340923457872335
0.14521338277485407,0.701370622830995,0.15341599439415088
0.14521979607420177,0.7013574339667651,0.1534227699590332
0.14522622427831838,0.7013442144510773,0.1534295612706043
0.14523266738457297,0.7013309642893424,0.15343636832608465
0.14523912539032166,0.7013176834869974,0.15344319112268096
0.14524559829290778,0.7013043720495057,0.15345002965758658
0.1452520860896621,0.7012910299823565,0.15345688392798146
0.1452585887779028,0.701277657291065,0.15346375393103223
0.14526510635493542,0.7012642539811722,0.15347063966389238
0.14527163881805336,0.7012508200582445,0.15347754112370227
0.1452781861645375,0.7012373555278733,0.15348445830758925
0.1452847483916566,0.7012238603956756,0.15349139121266783
0.1452913254966672,0.7012103346672932,0.15349833983603958
0.14529791747681398,0.7011967783483926,0.15350530417479347
0.14530452432932942,0.7011831914446649,0.1535122842260057
0.14531114605143433,0.7011695739618256,0.15351927998674014
0.1453177826403376,0.7011559259056145,0.15352629145404792
0.14532443409323645,0.7011422472817955,0.15353331862496802
0.1453311004073165,0.7011285380961565,0.15354036149652703
0.14533778157975183,0.7011147983545087,0.15354742006573943
0.145344477607705,0.7011010280626875,0.15355449432960752
0.1453511884883273,0.7010872272265511,0.15356158428512165
0.1453579142187586,0.7010733958519813,0.15356868992926015
0.14536465479612767,0.7010595339448827,0.1535758112589896
0.14537141021755215,0.7010456415111831,0.15358294827126479
0.1453781804801385,0.7010317185568328,0.1535901009630288
0.1453849655809824,0.7010177650878044,0.15359726933121318
0.14539176551716845,0.7010037811100936,0.1536044533727379
0.14539858028577057,0.7009897666297179,0.1536116530845116
0.1454054098838519,0.7009757216527166,0.15361886846343148
0.14541225430846488,0.7009616461851517,0.15362609950638353
0.14541911355665146,0.700947540233106,0.15363334621024258
0.14542598762544298,0.7009334038026848,0.15364060857187228
0.1454328765118605,0.7009192369000141,0.15364788658812542
0.14543978021291454,0.7009050395312417,0.1536551802558437
0.1454466987256055,0.7008908117025364,0.15366248957185805
0.1454536320469235,0.7008765534200879,0.15366981453298856
0.14546058017384858,0.7008622646901068,0.15367715513604466
0.14546754310335067,0.7008479455188242,0.15368451137782518
0.14547452083238974,0.700833595912492,0.15369188325511837
0.14548151335791593,0.700819215877382,0.15369927076470202
0.14548852067686938,0.7008048054197872,0.15370667390334353
0.14549554278618065,0.7007903645460194,0.15371409266779998
0.1455025796827705,0.7007758932624113,0.15372152705481826
0.14550963136355008,0.7007613915753149,0.153728977061135
0.14551669782542104,0.7007468594911022,0.15373644268347686
0.14552377906527547,0.7007322970161641,0.1537439239185604
0.14553087507999618,0.7007177041569116,0.15375142076309226
0.14553798586645647,0.7007030809197743,0.15375893321376924
0.14554511142152052,0.7006884273112012,0.1537664612672783
0.14555225174204325,0.7006737433376601,0.15377400492029675
0.14555940682487042,0.7006590290056375,0.15378156416949212
0.14556657666683875,0.7006442843216387,0.15378913901152255
0.14557376126477597,0.7006295092921876,0.1537967294430365
0.14558096061550088,0.7006147039238261,0.1538043354606731
0.1455881747158234,0.7005998682231146,0.15381195706106204
0.14559540356254463,0.7005850021966316,0.15381959424082378
0.145602647152457,0.7005701058509736,0.15382724699656952
0.14560990548234423,0.7005551791927545,0.15383491532490134
0.14561717854898143,0.7005402222286065,0.15384259922241214
0.14562446634913517,0.7005252349651789,0.1538502986856859
0.14563176887956358,0.7005102174091389,0.1538580137112976
0.14563908613701637,0.7004951695671704,0.15386574429581332
0.14564641811823484,0.7004800914459748,0.15387349043579035
0.14565376481995213,0.7004649830522707,0.15388125212777723
0.14566112623889302,0.7004498443927932,0.1538890293683138
0.1456685023717742,0.7004346754742945,0.15389682215393127
0.1456758932153043,0.7004194763035434,0.15390463048115233
0.14568329876618386,0.700404246887325,0.15391245434649112
0.14569071902110542,0.7003889872324411,0.1539202937464534
0.14569815397675365,0.7003736973457098,0.1539281486775366
0.14570560362980542,0.7003583772339649,0.15393601913622978
0.14571306797692965,0.7003430269040566,0.1539439051190138
0.14572054701478768,0.700327646362851,0.1539518066223613
0.14572804074003307,0.7003122356172301,0.1539597236427369
0.14573554914931186,0.700296794674091,0.15396765617659716
0.14574307223926242,0.7002813235403471,0.15397560422039056
0.1457506100065157,0.7002658222229265,0.15398356777055774
0.1457581624476952,0.7002502907287733,0.1539915468235315
0.14576572955941705,0.7002347290648463,0.15399954137573674
0.14577331133828994,0.7002191372381193,0.1540075514235907
0.14578090778091543,0.7002035152555817,0.15401557696350293
0.1457885188838878,0.700187863124237,0.1540236179918753
0.1457961446437942,0.7001721808511037,0.15403167450510222
0.1458037850572146,0.7001564684432149,0.15403974649957047
0.14581144012072206,0.7001407259076184,0.1540478339716595
0.14581910983088253,0.7001249532513761,0.15405593691774133
0.1458267941842551,0.7001091504815643,0.15406405533418063
0.14583449317739186,0.7000933176052734,0.15407218921733482
0.14584220680683826,0.7000774546296077,0.1540803385635541
0.1458499350691328,0.7000615615616858,0.1540885033691815
0.14585767796080737,0.7000456384086396,0.154096683630553
0.14586543547838712,0.7000296851776154,0.15410487934399753
0.14587320761839062,0.7000137018757725,0.1541130905058369
0.14588099437732996,0.6999976885102839,0.15412131711238622
0.14588879575171051,0.699981645088336,0.1541295591599535
0.14589661173803142,0.6999655716171286,0.15413781664484005
0.14590444233278524,0.6999494681038744,0.15414608956334042
0.14591228753245827,0.6999333345557994,0.15415437791174233
0.14592014733353054,0.6999171709801425,0.15416268168632702
0.14592802173247574,0.6999009773841554,0.15417100088336896
0.14593591072576134,0.6998847537751026,0.15417933549913612
0.14594381430984874,0.6998685001602613,0.15418768552989004
0.14595173248119325,0.699852216546921,0.15419605097188574
0.14595966523624404,0.6998359029423842,0.1542044318213718
0.14596761257144433,0.6998195593539651,0.1542128280745906
0.14597557448323134,0.6998031857889906,0.1542212397277781
0.14598355096803647,0.6997867822547995,0.15422966677716407
0.14599154202228518,0.6997703487587428,0.1542381092189721
0.14599954764239717,0.6997538853081833,0.15424656704941964
0.14600756782478633,0.6997373919104957,0.154255040264718
0.14601560256586088,0.6997208685730666,0.15426352886107253
0.14602365186202337,0.699704315303294,0.15427203283468258
0.14603171570967072,0.6996877321085878,0.1542805521817415
0.14603979410519424,0.699671118996369,0.15428908689843682
0.14604788704497976,0.6996544759740702,0.15429763698095017
0.14605599452540763,0.6996378030491349,0.15430620242545745
0.14606411654285278,0.6996211002290185,0.15431478322812883
0.14607225309368468,0.6996043675211867,0.1543233793851287
0.14608040417426751,0.6995876049331167,0.15433199089261587
0.14608856978096016,0.6995708124722964,0.15434061774674354
0.14609674991011623,0.6995539901462244,0.15434925994365933
0.14610494455808418,0.6995371379624105,0.15435791747950545
0.14611315372120715,0.6995202559283743,0.15436659035041853
0.14612137739582337,0.6995033440516468,0.15437527855252986
0.14612961557826581,0.6994864023397689,0.15438398208196535
0.14613786826486252,0.6994694308002919,0.1543927009348456
0.14614613545193655,0.6994524294407775,0.154401435107286
0.14615441713580596,0.6994353982687975,0.15441018459539654
0.1461627133127839,0.6994183372919339,0.1544189493952822
0.1461710239791787,0.6994012465177786,0.15442772950304273
0.14617934913129382,0.6993841259539333,0.15443652491477286
0.14618768876542804,0.6993669756080099,0.15444533562656218
0.1461960428778753,0.6993497954876293,0.15445416163449538
0.14620441146492488,0.699332585600423,0.1544630029346521
0.14621279452286146,0.6993153459540314,0.15447185952310713
0.146221192047965,0.6992980765561047,0.15448073139593038
0.14622960403651097,0.6992807774143022,0.15448961854918689
0.14623803048477033,0.6992634485362927,0.15449852097893693
0.14624647138900948,0.6992460899297545,0.15450743868123604
0.1462549267454904,0.6992287016023745,0.15451637165213508
0.14626339655047071,0.6992112835618491,0.15452531988768023
0.14627188080020356,0.6991938358158835,0.15453428338391303
0.14628037949093783,0.6991763583721917,0.15454326213687045
0.14628889261891811,0.699158851238497,0.15455225614258497
0.14629742018038477,0.6991413144225307,0.15456126539708454
0.1463059621715739,0.6991237479320335,0.15457028989639268
0.14631451858871744,0.6991061517747541,0.1545793296365285
0.1463230894280432,0.6990885259584502,0.1545883846135067
0.14633167468577488,0.6990708704908875,0.1545974548233377
0.14634027435813213,0.6990531853798403,0.15460654026202758
0.1463488884413306,0.6990354706330911,0.15461564092557825
0.14635751693158192,0.6990177262584307,0.15462475680998733
0.14636615982509377,0.698999952263658,0.15463388791124827
0.14637481711806993,0.6989821486565796,0.15464303422535047
0.14638348880671037,0.6989643154450105,0.15465219574827918
0.14639217488721107,0.6989464526367735,0.15466137247601555
0.14640087535576438,0.6989285602396988,0.15467056440453683
0.14640959020855876,0.698910638261625,0.1546797715298162
0.146418319441779,0.6988926867103981,0.15468899384782292
0.14642706305160616,0.6988747055938715,0.15469823135452235
0.1464358210342177,0.6988566949199063,0.15470748404587603
0.14644459338578744,0.698838654696371,0.1547167519178416
0.14645338010248557,0.6988205849311415,0.15472603496637297
0.1464621811804787,0.6988024856321011,0.15473533318742022
0.1464709966159301,0.6987843568071401,0.15474464657692985
0.14647982640499937,0.6987661984641561,0.15475397513084455
0.1464886705438427,0.6987480106110538,0.15476331884510341
0.14649752902861296,0.6987297932557451,0.15477267771564196
0.14650640185545954,0.6987115464061484,0.15478205173839207
0.14651528902052852,0.6986932700701893,0.15479144090928218
0.14652419051996265,0.6986749642558002,0.15480084522423712
0.14653310634990144,0.6986566289709203,0.15481026467917833
0.14654203650648112,0.6986382642234951,0.1548196992700238
0.14655098098583474,0.6986198700214772,0.15482914899268813
0.1465599397840921,0.6986014463728254,0.15483861384308253
0.14656891289737994,0.6985829932855051,0.15484809381711495
0.14657790032182183,0.6985645107674883,0.15485758891068999
0.14658690205353825,0.6985459988267528,0.154867099119709
0.1465959180886467,0.6985274574712832,0.15487662444007014
0.14660494842326158,0.6985088867090701,0.15488616486766832
0.14661399305349435,0.6984902865481103,0.1548957203983954
0.14662305197545347,0.6984716569964066,0.15490529102814
0.14663212518524452,0.6984529980619678,0.1549148767527877
0.1466412126789702,0.6984343097528087,0.15492447756822106
0.1466503144527303,0.6984155920769501,0.15493409347031956
0.14665943050262178,0.6983968450424185,0.15494372445495974
0.14666856082473886,0.698378068657246,0.15495337051801508
0.14667770541517292,0.6983592629294708,0.1549630316553563
0.14668686427001262,0.6983404278671363,0.15497270786285106
0.14669603738534395,0.6983215634782918,0.15498239913636425
0.1467052247572502,0.6983026697709919,0.15499210547175793
0.14671442638181195,0.6982837467532967,0.15500182686489133
0.14672364225510723,0.6982647944332719,0.1550115633116209
0.1467328723732115,0.6982458128189881,0.15502131480780038
0.14674211673219756,0.6982268019185216,0.1550310813492808
0.14675137532813579,0.6982077617399537,0.15504086293191055
0.14676064815709397,0.6981886922913708,0.15505065955153527
0.14676993521513748,0.6981695935808644,0.15506047120399813
0.1467792364983292,0.6981504656165313,0.15507029788513957
0.1467885520027296,0.6981313084064729,0.15508013959079756
0.1467978817243968,0.6981121219587957,0.15508999631680756
0.1468072256593866,0.6980929062816109,0.1550998680590025
0.14681658380375226,0.698073661383035,0.15510975481321285
0.14682595615354496,0.6980543872711885,0.15511965657526658
0.14683534270481355,0.698035083954197,0.15512957334098942
0.14684474345360451,0.6980157514401909,0.15513950510620458
0.14685415839596228,0.6979963897373047,0.15514945186673298
0.14686358752792894,0.6979769988536779,0.15515941361839317
0.14687303084554454,0.697957578797454,0.1551693903570015
0.14688248834484688,0.6979381295767811,0.15517938207837198
0.1468919600218717,0.697918651199812,0.15518938877831637
