0,1,2
0.263305600139589,0.574114786934572,0.162579612925839
0.26330583935421686,0.5741144000154458,0.16257976063033744
0.26330649198182793,0.5741133444190245,0.1625801635991476
0.2633075252339394,0.5741116731792354,0.1625808015868252
0.26330892249378457,0.5741094131729668,0.1625816643332486
0.26331067233927286,0.5741065828749472,0.1625827447857799
0.26331276601603754,0.5741031964449794,0.16258403753898304
0.2633151963989878,0.5740992654075839,0.16258553819342833
0.26331795746161585,0.5740947995103716,0.16258724302801256
0.26332104396803335,0.5740898072221614,0.16258914880980518
0.26332445127840065,0.5740842960476897,0.16259125267390964
0.2633281752182147,0.5740782727390312,0.16259355204275408
0.26333221198630713,0.5740717434444084,0.16259604456928445
0.2633365580876688,0.5740647138168447,0.16259872809548648
0.2633412102829244,0.574057189095887,0.16260160062118859
0.2633461655493878,0.5740491741705971,0.1626046602800152
0.2633514210504173,0.5740406736291177,0.16260790532046498
0.2633569741108762,0.5740316917983649,0.1626113340907588
0.26336282219717944,0.5740222327763012,0.16261494502651952
0.26336896290085493,0.5740123004585234,0.16261873664062163
0.2633753939248412,0.574001898560428,0.16262270751473085
0.26338211307194614,0.573991030635876,0.1626268562921778
0.2633891182350377,0.5739797000930611,0.1626311816719012
0.2633964073886349,0.5739679102081093,0.1626356824032558
0.2634039785816471,0.573955664136824,0.162640357281529
0.2634118299310604,0.5739429649248968,0.1626452051440427
0.2634199596164138,0.573929815516844,0.16265022486674235
0.2634283658749385,0.5739162187638656,0.16265541536119588
0.26343704699725934,0.5739021774308013,0.16266077557193934
0.26344600132357276,0.5738876942023101,0.16266630447411717
0.26345522724023535,0.573872771688389,0.1626720010713756
0.2634647231767054,0.5738574124293202,0.16267786439397433
0.2634744876027895,0.5738416189001242,0.1626838934970863
0.26348451902615616,0.5738253935145813,0.1626900874592625
0.26349481599008195,0.5738087386288777,0.1626964453810404
0.26350537707140226,0.5737916565449193,0.16270296638367848
0.26351620087864275,0.5737741495133547,0.16270964960800263
0.2635272860503102,0.573756219736339,0.1627164942133508
0.26353863125332583,0.5737378693700688,0.16272349937660543
0.26355023518158455,0.5737191005271112,0.16273066429130428
0.2635620965546282,0.573699915278551,0.16273798816682072
0.2635742141164196,0.5736803156559732,0.16274547022760716
0.26358658663420864,0.5736603036532967,0.16275310971249465
0.26359921289748034,0.5736398812284762,0.16276090587404352
0.2636120917169776,0.5736190503050826,0.16276885797793986
0.26362522192379184,0.573597812773774,0.16277696530243418
0.26363860236851483,0.5735761704936678,0.1627852271378174
0.26365223192044634,0.5735541252936217,0.162793642785932
0.2636661094668533,0.5735316789734323,0.1628022115597143
0.2636802339122755,0.5735088333049586,0.16281093278276584
0.26369460417787394,0.573485590033175,0.16281980578895103
0.26370921920081875,0.5734619508771619,0.16282882992201925
0.26372407793371344,0.5734379175310373,0.1628380045352493
0.2637391793440519,0.5734134916648339,0.16284732899111412
0.2637545224137069,0.5733886749253281,0.16285680266096497
0.2637701061384465,0.5733634689368206,0.16286642492473286
0.263785929527477,0.5733378753018766,0.16287619517064633
0.2638019916030103,0.5733118956020253,0.1628861127949643
0.2638182913998542,0.5732855313984228,0.16289617720172295
0.26383482796502283,0.5732587842324814,0.16290638780249564
0.2638516003573682,0.5732316556264668,0.16291674401616488
0.2638686076472288,0.5732041470840655,0.1629272452687056
0.26388584891609584,0.5731762600909251,0.16293789099297912
0.2639033232562952,0.5731479961151682,0.16294868062853657
0.26392102977068477,0.5731193566078829,0.16295961362143227
0.2639389675723653,0.5730903430035896,0.16297068942404497
0.2639571357844045,0.573060956720688,0.16298190749490757
0.2639755335395735,0.573031199161882,0.16299326729854444
0.263994159980095,0.5730010717145891,0.16300476830531593
0.26401301425740215,0.5729705757513286,0.1630164099912693
0.2640320955319075,0.5729397126300962,0.1630281918379963
0.26405140297278196,0.5729084836947215,0.16304011333249663
0.2640709357577429,0.5728768902752104,0.16305217396704683
0.26409069307285016,0.5728449336880751,0.1630643732390748
0.26411067411231104,0.57281261523665,0.16307671065103901
0.26413087807829255,0.5727799362113948,0.16308918571031275
0.2641513041807409,0.5727468978901866,0.16310179792907253
0.2641719516372078,0.5727135015386012,0.16311454682419105
0.2641928196726837,0.5726797484101823,0.16312743191713394
0.26421390751943674,0.5726456397467026,0.1631404527338607
0.2642352144168577,0.5726111767784137,0.16315360880472862
0.26425673961131085,0.5725763607242883,0.16316689966440076
0.26427848235598955,0.5725411927922535,0.16318032485175696
0.2643004419107774,0.5725056741794147,0.1631938839098079
0.26432261754211367,0.572469806072274,0.16320757638561217
0.2643450085228641,0.5724335896469396,0.16322140183019632
0.26436761413219484,0.572397026069328,0.16323535979847728
0.26439043365545184,0.5723601164953606,0.1632494498491876
0.2644134663840434,0.5723228620711535,0.1632636715448031
0.2644367116153267,0.5722852639332006,0.1632780244514728
0.2644601686524979,0.5722473232085512,0.163292508138951
0.2644838368044858,0.5722090410149826,0.16330712218053164
0.2645077153858488,0.5721704184611666,0.16332186615298477
0.2645318037166748,0.5721314566468306,0.16333673963649462
0.26455610112248445,0.5720921566629156,0.16335174221459986
0.26458060693413726,0.5720525195917271,0.16336687347413567
0.2646053204877398,0.5720125465070831,0.16338213300517715
0.2646302411245577,0.5719722384744574,0.1633975204009848
0.2646553681909294,0.5719315965511192,0.16341303525795137
0.2646807010381825,0.5718906217862673,0.1634286771755503
0.2647062390225525,0.5718493152211622,0.16344444575628533
0.2647319815051042,0.5718076778892538,0.16346034060564205
0.2647579278516543,0.5717657108163053,0.16347636133204027
0.26478407743269716,0.5717234150205149,0.16349250754678796
0.2648104296233318,0.571680791512632,0.16350877886403628
0.2648369838031913,0.5716378412960726,0.16352517490073595
0.26486373935637375,0.5715945653670315,0.1635416952765947
0.26489069567137513,0.5715509647145891,0.1635583396140357
0.26491785214102387,0.5715070403208189,0.1635751075381573
0.26494520816241723,0.5714627931608892,0.16359199867669352
0.26497276313685897,0.5714182242031651,0.16360901265997585
0.2650005164697987,0.5713733344093056,0.16362614912089563
0.2650284675707731,0.5713281247343593,0.16364340769486765
0.2650566158533476,0.5712825961268577,0.16366078801979456
0.2650849607350609,0.5712367495289071,0.163678289736032
0.2651135016373692,0.5711905858762761,0.16369591248635473
0.265142237985593,0.5711441060984834,0.16371365591592346
0.2651711692088647,0.5710973111188827,0.16373151967225255
0.26520029474007706,0.5710502018547446,0.1637495034051783
0.26522961401583345,0.5710027792173386,0.16376760676682808
0.2652591264763987,0.5709550441120111,0.1637858294115901
0.26528883156565175,0.5709069974382642,0.16380417099608405
0.26531872873103823,0.5708586400898298,0.16382263117913193
0.26534881742352523,0.5708099729547447,0.16384120962173013
0.26537909709755625,0.5707609969154221,0.16385990598702158
0.2654095672110078,0.5707117128487235,0.16387871994026879
0.2654402272251461,0.5706621216260265,0.16389765114882743
0.2654710766045854,0.5706122241132942,0.1639166992821204
0.265502114817247,0.5705620211711405,0.1639358640116125
0.26553334133431866,0.5705115136548958,0.16395514501078548
0.26556475563021575,0.5704607024146704,0.163974541955114
0.26559635718254204,0.5704095882954167,0.16399405452204133
0.2656281454720525,0.570358172136991,0.16401368239095654
0.26566011998261574,0.5703064547742129,0.16403342524317124
0.265692280201178,0.5702544370369247,0.16405328276189737
0.26572462561772736,0.5702021197500476,0.164073254632225
0.265757155725259,0.5701495037336402,0.16409334054110092
0.2657898700197405,0.5700965898029521,0.16411354017730742
0.26582276800007903,0.5700433787684794,0.1641338532314416
0.26585584916808747,0.5699898714360175,0.164154279395895
0.26588911302845275,0.5699360686067136,0.16417481836483352
0.26592255908870394,0.569881971077118,0.16419546983417804
0.26595618685918065,0.5698275796392344,0.16421623350158493
0.26598999585300315,0.5697728950805695,0.1642371090664273
0.2660239855860418,0.5697179181841817,0.16425809622977644
0.26605815557688767,0.5696626497287288,0.1642791946943836
0.26609250534682377,0.5696070904885142,0.16430040416466202
0.2661270344197963,0.5695512412335342,0.16432172434666945
0.26616174232238676,0.5694951027295224,0.16434315494809093
0.2661966285837846,0.5694386757379938,0.16436469567822154
0.26623169273576025,0.5693819610162896,0.16438634624795023
0.26626693431263815,0.5693249593176192,0.1644081063697428
0.26630235285127113,0.5692676713911027,0.16442997575762627
0.2663379478910145,0.5692100979818125,0.1644519541271729
0.26637371897370105,0.5691522398308144,0.1644740411954845
0.2664096656436158,0.5690940976752069,0.16449623668117724
0.26644578744747216,0.5690356722481612,0.16451854030436655
0.2664820839343874,0.5689769642789603,0.16454095178665223
0.26651855465585933,0.5689179744930368,0.16456347085110393
0.26655519916574294,0.5688587036120103,0.1645860972222467
0.2665920170202277,0.5687991523537251,0.16460883062604717
0.26662900777781484,0.5687393214322859,0.1646316707898992
0.26666617099929524,0.5686792115580941,0.16465461744261056
0.2667035062477277,0.568618823437883,0.1646776703143893
0.2667410130884173,0.5685581577747523,0.16470082913683043
0.2667786910888945,0.5684972152682024,0.16472409364290308
0.2668165398188942,0.5684359966141684,0.16474746356693742
0.26685455885033504,0.568374502505053,0.16477093864461215
0.2668927477572994,0.5683127336297586,0.16479451861294186
0.26693110611601367,0.5682506906737214,0.164818203210265
0.26696963350482816,0.5681883743189404,0.1648419921762315
0.2670083295041982,0.5681257852440108,0.16486588525179094
0.267047193696665,0.5680629241241542,0.1648898821791809
0.2670862256668367,0.5679997916312481,0.16491398270191526
0.26712542500137004,0.5679363884338572,0.16493818656477274
0.26716479128895226,0.5678727151972619,0.1649624935137858
0.26720432412028294,0.5678087725834877,0.16498690329622945
0.26724402308805606,0.5677445612513338,0.16501141566061017
0.2672838877869431,0.5676800818564013,0.1650360303566555
0.2673239178135755,0.5676153350511215,0.16506074713530303
0.2673641127665275,0.5675503214847825,0.16508556574869004
0.26740447224629965,0.5674850418035571,0.1651104859501433
0.2674449958553022,0.5674194966505293,0.16513550749416855
0.26748568319783883,0.5673536866657204,0.1651606301364408
0.26752653388009046,0.5672876124861155,0.1651858536337941
0.2675675475100995,0.5672212747456887,0.16521117774421187
0.26760872369775407,0.5671546740754286,0.16523660222681721
0.26765006205477276,0.5670878111033637,0.16526212684186348
0.26769156219468915,0.5670206864545863,0.16528775135072468
0.26773322373283676,0.566953300751277,0.16531347551588613
0.2677750462863344,0.5668856546127299,0.16533929910093567
0.2678170294740715,0.5668177486553744,0.16536522187055422
0.2678591729166932,0.5667495834928,0.16539124359050686
0.26790147623658667,0.566681159735779,0.16541736402763435
0.2679439390578666,0.5666124779922894,0.16544358294984401
0.2679865610063613,0.5665435388675374,0.16546990012610133
0.2680293417095991,0.5664743429639795,0.16549631532642142
0.2680722807967947,0.5664048908813446,0.16552282832186074
0.2681153778988355,0.566335183216656,0.16554943888450852
0.26815863264826884,0.5662652205642523,0.16557614678747887
0.26820204467928843,0.566195003515809,0.16560295180490253
0.2682456136277217,0.5661245326603593,0.165629853711919
0.26828933913101677,0.5660538085843148,0.16565685228466842
0.26833322082823013,0.5659828318714857,0.1656839473002841
0.26837725836001397,0.5659116031031014,0.16571113853688454
0.26842145136860374,0.5658401228578304,0.16573842577356598
0.26846579949780625,0.565768391711799,0.16576580879039474
0.26851030239298734,0.5656964102386127,0.16579328736839988
0.26855495970106036,0.5656241790093738,0.16582086128956589
0.26859977107047384,0.5655516985927009,0.16584853033682526
0.2686447361512003,0.5654789695547482,0.16587629429405146
0.26868985459472483,0.5654059924592234,0.1659041529460518
0.2687351260540332,0.5653327678674064,0.16593210607856032
0.26878055018360114,0.5652592963381677,0.16596015347823107
0.2688261266393831,0.5651855784279859,0.16598829493263093
0.268871855078801,0.5651116146909659,0.1660165302302331
0.2689177351607337,0.565037405678856,0.16604485916041034
0.26896376654550613,0.5649629519410657,0.16607328151342818
0.26900994889487856,0.5648882540246829,0.16610179708043848
0.2690562818720364,0.5648133124744904,0.16613040565347312
0.2691027651415793,0.5647381278329834,0.16615910702543718
0.2691493983695116,0.5646627006403855,0.16618790099010292
0.2691961812232313,0.5645870314346653,0.16621678734210335
0.2692431133715207,0.5645111207515532,0.16624576587692608
0.26929019448453606,0.5644349691245567,0.16627483639090715
0.269337424233798,0.564358577084977,0.16630399868122503
0.2693848022921815,0.5642819451619242,0.16633325254589437
0.2694323283339065,0.5642050738823332,0.1663625977837604
0.2694800020345282,0.5641279637709791,0.16639203419449267
0.2695278230709278,0.5640506153504925,0.1664215615785796
0.2695757911213029,0.5639730291413747,0.16645117973732235
0.2696239058651585,0.563895205662012,0.16648088847282938
0.2696721669832977,0.5638171454286915,0.1665106875880107
0.2697205741578127,0.5637388489556151,0.16654057688657214
0.2697691270720759,0.5636603167549138,0.16657055617301023
0.26981782541073096,0.5635815493366629,0.16660062525260622
0.26986666885968386,0.5635025472088951,0.16663078393142094
0.2699156571060946,0.5634233108776159,0.16666103201628943
0.2699647898383683,0.5633438408468162,0.1666913693148156
0.27001406674614664,0.5632641376184865,0.16672179563536688
0.27006348752029974,0.5631842016926313,0.1667523107870691
0.2701130518529173,0.5631040335672814,0.16678291457980124
0.2701627594373009,0.5630236337385085,0.16681360682419058
0.27021260996795543,0.5629430027004373,0.16684438733160734
0.2702626031405811,0.5628621409452592,0.1668752559141597
0.2703127386520653,0.5627810489632455,0.16690621238468906
0.270363016200475,0.5626997272427601,0.16693725655676506
0.2704134354850482,0.5626181762702713,0.16696838824468044
0.270463996206187,0.5625363965303664,0.16699960726344662
0.27051469806544914,0.5624543885057621,0.16703091342878867
0.27056554076554074,0.5623721526773185,0.1670623065571407
0.2706165240103085,0.5622896895240505,0.16709378646564113
0.2706676475047322,0.5622069995231397,0.16712535297212797
0.2707189109549178,0.5621240831499478,0.16715700589513452
0.270770314068089,0.5620409408780266,0.1671887450538844
0.270821856552581,0.5619575731791316,0.16722057026828735
0.2708735381178327,0.5618739805232326,0.16725248135893475
0.2709253584743796,0.5617901633785255,0.167284478147095
0.27097731733384667,0.561706122211444,0.16731656045470925
0.27102941440894174,0.5616218574866711,0.16734872810438714
0.27108164941344776,0.56153736966715,0.16738098091940234
0.27113402206221654,0.561452659214095,0.16741331872368836
0.27118653207116167,0.5613677265870041,0.16744574134183438
0.2712391791572516,0.5612825722436676,0.16747824859908086
0.2712919630385032,0.5611971966401811,0.16751084032131563
0.27134488343397495,0.5611116002309554,0.16754351633506967
0.2713979400637601,0.5610257834687269,0.1675762764675129
0.2714511326489807,0.5609397468045689,0.16760912054645047
0.2715044609117803,0.5608534906879014,0.1676420484003183
0.2715579245753185,0.5607670155665019,0.16767505985817951
0.2716115233637637,0.5606803218865158,0.16770815474972037
0.2716652570022872,0.5605934100924667,0.1677413329052462
0.271719125217057,0.5605062806272653,0.16777459415567775
0.27177312773523116,0.5604189339322216,0.1678079383325472
0.2718272642849522,0.5603313704470532,0.16784136526799454
0.27188153459534065,0.5602435906098958,0.16787487479476362
0.2719359383964891,0.5601555948573125,0.16790846674619844
0.27199047541945603,0.5600673836243045,0.1679421409562395
0.2720451453962601,0.5599789573443198,0.16797589725942016
0.2720999480598743,0.5598903164492628,0.16800973549086293
0.27215488314421965,0.5598014613695046,0.16804365548627576
0.2722099503841599,0.5597123925338913,0.16807765708194877
0.2722651495154956,0.559623110369754,0.16811174011475033
0.27232048027495814,0.559533615302918,0.1681459044221238
0.27237594240020474,0.5594439077577115,0.1681801498420839
0.27243153562981187,0.5593539881569749,0.16821447621321325
0.2724872597032707,0.5592638569220701,0.16824888337465907
0.272543114360981,0.5591735144728894,0.16828337116612962
0.2725990993442456,0.5590829612278635,0.1683179394278908
0.27265521439526536,0.5589921976039715,0.16835258800076308
0.2727114592571335,0.5589012240167487,0.16838731672611776
0.2727678336738305,0.5588100408802956,0.16842212544587398
0.2728243373902182,0.5587186486072864,0.16845701400249533
0.27288097015203544,0.5586270476089779,0.16849198223898665
0.2729377317058922,0.558535238295217,0.16852702999889077
0.2729946217992646,0.5584432210744501,0.1685621571262853
0.27305164018048983,0.5583509963537306,0.16859736346577958
0.27310878659876103,0.5582585645387277,0.16863264886251136
0.2731660608041222,0.5581659260337339,0.16866801316214386
0.27322346254746327,0.5580730812416742,0.1687034562108626
0.273280991580515,0.5579800305641127,0.16873897785537223
0.2733386476558443,0.5578867744012619,0.1687745779428937
0.27339643052684903,0.5577933131519899,0.168810256321161
0.27345433994775337,0.5576996472138281,0.16884601283841852
0.2735123756736028,0.5576057769829798,0.16888184734341755
0.27357053746025956,0.5575117028543266,0.16891775968541375
0.2736288250643979,0.5574174252214378,0.16895374971416424
0.2736872382434991,0.5573229444765765,0.16898981727992435
0.27374577675584705,0.557228261010708,0.16902596223344504
0.2738044403605234,0.5571333752135066,0.16906218442596987
0.2738632288174035,0.5570382874733641,0.1690984837092324
0.27392214188715097,0.5569429981773962,0.1691348599354529
0.2739811793312139,0.55684750771145,0.1691713129573362
0.2740403409118201,0.5567518164601114,0.1692078426280684
0.27409962639197266,0.556655924806713,0.16924444880131428
0.27415903553544535,0.5565598331333401,0.1692811313312146
0.2742185681067785,0.556463541820838,0.16931789007238343
0.2742782238712746,0.55636705124882,0.16935472487990527
0.2743380025949939,0.5562703617956735,0.1693916356093327
0.27439790404474984,0.5561734738385669,0.16942862211668333
0.2744579279881053,0.5560763877534572,0.16946568425843742
0.27451807419336827,0.5559791039150964,0.16950282189153532
0.2745783424295872,0.5558816226970381,0.16954003487337466
0.27463873246654724,0.5557839444716448,0.16957732306180795
0.2746992440747661,0.5556860696100939,0.1696146863151399
0.27475987702548976,0.5555879984823853,0.16965212449212505
0.2748206310906885,0.5554897314573466,0.16968963745196503
0.2748815060430528,0.555391268902641,0.16972722505430626
0.2749425016559893,0.5552926111847734,0.16976488715923738
0.27500361770361703,0.5551937586690963,0.16980262362728665
0.27506485396076313,0.5550947117198168,0.16984043431941992
0.27512621020295913,0.5549954707000032,0.1698783190970377
0.27518768620643685,0.5548960359715901,0.16991627782197305
0.2752492817481248,0.5547964078953861,0.1699543103564891
0.275310996605644,0.5546965868310794,0.1699924165632767
0.2753728305573046,0.5545965731372434,0.17003059630545203
0.27543478338210153,0.5544963671713443,0.17006884944655426
0.2754968548597112,0.5543959692897455,0.1701071758505433
0.27555904477048754,0.5542953798477152,0.17014557538179728
0.2756213528954584,0.5541945991994309,0.1701840479051106
0.27568377901632163,0.5540936276979872,0.17022259328569125
0.2757463229154416,0.5539924656953994,0.1702612113891589
0.27580898437584567,0.5538911135426118,0.17029990208154244
0.2758717631812204,0.5537895715895018,0.17033866522927785
0.2759346591159078,0.5536878401848864,0.1703775006992058
0.27599767196490227,0.5535859196765279,0.17041640835856983
0.2760608015138466,0.5534838104111396,0.1704553880750138
0.27612404754902853,0.5533815127343916,0.17049443971657982
0.27618740985737766,0.553279026990916,0.17053356315170623
0.2762508882264613,0.5531763535243133,0.1705727582492253
0.27631448244448176,0.5530734926771571,0.1706120248783612
0.2763781923002723,0.552970444791,0.1706513629087278
0.2764420175832941,0.5528672102063793,0.17069077221032666
0.2765059580836329,0.5527637892628222,0.1707302526535449
0.2765700135919954,0.5526601822988514,0.17076980410915324
0.2766341838997061,0.5525563896519902,0.17080942644830371
0.2766984687987042,0.552452411658768,0.17084911954252782
0.27676286808153977,0.5523482486547256,0.1708888832637345
0.2768273815413711,0.5522439009744208,0.17092871748420807
0.2768920089719609,0.5521393689514329,0.1709686220766061
0.27695675016767374,0.5520346529183686,0.17100859691395767
0.27702160492347205,0.5519297532068667,0.17104864186966123
0.2770865730349137,0.5518246701476035,0.17108875681748273
0.2771516542981484,0.5517194040702978,0.17112894163155362
0.2772168485099148,0.5516139553037164,0.17116919618636883
0.277282155467537,0.551508324175678,0.1712095203567851
0.27734757496892204,0.5514025110130591,0.17124991401801884
0.2774131068125563,0.5512965161417993,0.17129037704564426
0.27747875079750295,0.5511903398869054,0.1713309093155917
0.27754450672339825,0.5510839825724563,0.17137151070414544
0.27761037439044933,0.5509774445216087,0.1714121810879421
0.2776763535994304,0.550870726056601,0.17145292034396858
0.2777424441516806,0.550763827498759,0.17149372834956056
0.2778086458491003,0.5506567491684995,0.17153460498240022
0.2778749584941486,0.5505494913853366,0.17157555012051473
0.27794138188984047,0.550442054467885,0.17161656364227454
0.27800791583974344,0.5503344387338652,0.17165764542639123
0.2780745601479752,0.5502266445001087,0.17169879535191612
0.27814131461920033,0.5501186720825616,0.17174001329823815
0.2782081790586277,0.5500105217962897,0.17178129914508247
0.27827515327200786,0.5499021939554837,0.17182265277250847
0.27834223706562955,0.5497936888734625,0.1718640740609081
0.27840943024631765,0.5496850068626782,0.17190556289100412
0.27847673262143,0.5495761482347213,0.17194711914384858
0.2785441439988549,0.5494671133003242,0.17198874270082085
0.27861166418700795,0.549357902369366,0.1720304334436261
0.2786792929948298,0.5492485157508766,0.17207219125429357
0.2787470302317832,0.5491389537530418,0.1721140160151749
0.27881487570785063,0.5490292166832068,0.17215590760894262
0.2788828292335309,0.548919304847881,0.1721978659185881
0.2789508906198375,0.548809218552742,0.17223989082742047
0.27901905967829516,0.5486989581026402,0.17228198221906457
0.2790873362209377,0.5485885238016028,0.1723241399774596
0.279155720060305,0.5484779159528379,0.17236636398685712
0.27922421100944106,0.5483671348587389,0.1724086541318201
0.27929280888189073,0.5482561808208887,0.17245101029722065
0.27936151349169774,0.5481450541400633,0.17249343236823897
0.27943032465340173,0.5480337551162369,0.1725359202303615
0.279499242182036,0.5479222840485846,0.17257847376937935
0.2795682658931249,0.547810641235488,0.17262109287138702
0.2796373956026814,0.547698826974538,0.17266377742278058
0.27970663112720456,0.5475868415625392,0.1727065273102563
0.27977597228367684,0.5474746852955141,0.17274934242080892
0.2798454188895625,0.5473623584687071,0.17279222264173055
0.27991497076280386,0.5472498613765874,0.17283516786060876
0.27998462772182015,0.5471371943128545,0.1728781779653253
0.28005438958550427,0.5470243575704412,0.1729212528440546
0.28012425617322084,0.5469113514415169,0.17296439238526218
0.28019422730480364,0.546798176217493,0.1730075964777034
0.2802643028005533,0.546684832189025,0.17305086501042174
0.28033448248123494,0.5465713196460175,0.1730941978727476
0.28040476616807597,0.5464576388776273,0.1731375949542968
0.2804751536827635,0.5463437901722675,0.1731810561449689
0.28054564484744227,0.5462297738176114,0.17322458133494623
0.28061623948471254,0.5461155901005954,0.17326817041469217
0.2806869374176271,0.5460012393074232,0.17331182327494968
0.28075773846969,0.5458867217235698,0.1733555398067402
0.2808286424648535,0.5457720376337843,0.17339931990136206
0.2808996492275162,0.5456571873220948,0.17344316345038913
0.28097075858252074,0.5455421710718098,0.17348707034566943
0.2810419703551517,0.5454269891655245,0.17353104047932388
0.28111328437113325,0.5453116418851219,0.17357507374374484
0.281184700456627,0.5451961295117782,0.1736191700315948
0.28125621843823,0.545080452325965,0.17366332923580496
0.2813278381429724,0.5449646106074535,0.17370755124957418
0.2813995593983153,0.5448486046353176,0.1737518359663672
0.28147138203214866,0.5447324346879377,0.17379618327991372
0.2815433058727894,0.5446161010430036,0.17384059308420696
0.281615330748979,0.5444996039775186,0.1738850652735023
0.28168745648988147,0.5443829437678024,0.17392959974231612
0.2817596829250814,0.5442661206894942,0.17397419638542436
0.28183200988458185,0.5441491350175568,0.17401885509786133
0.28190443719880204,0.5440319870262795,0.17406357577491846
0.28197696469857575,0.5439146769892812,0.174108358312143
0.2820495922151489,0.5437972051795144,0.17415320260533682
0.28212231958017775,0.5436795718692673,0.17419810855055498
0.2821951466257268,0.5435617773301683,0.17424307604410477
0.28226807318426705,0.5434438218331886,0.17428810498254435
0.28234109908867333,0.5433257056486454,0.17433319526268137
0.28241422417222317,0.5432074290462048,0.17437834678157196
0.2824874482685944,0.5430889922948862,0.17442355943651952
0.28256077121186296,0.5429703956630637,0.17446883312507333
0.28263419283650154,0.5428516394184709,0.17451416774502745
0.28270771297737735,0.5427327238282029,0.17455956319441976
0.28278133146975004,0.5426136491587198,0.17460501937153025
0.28285504814927,0.5424944156758496,0.17465053617488036
0.2829288628519766,0.5423750236447917,0.17469611350323158
0.2830027754142959,0.5422554733301198,0.1747417512555842
0.2830767856730391,0.5421357649957844,0.17478744933117635
0.28315089346540073,0.5420158989051166,0.17483320762948276
0.28322509862895623,0.5418958753208303,0.1748790260502135
0.28329940100166096,0.5417756945050259,0.17492490449331308
0.2833738004218478,0.5416553567191931,0.17497084285895917
0.28344829672822514,0.5415348622242134,0.17501684104756138
0.28352288975987583,0.5414142112803637,0.17506289895976038
0.28359757935625474,0.5412934041473186,0.17510901649642663
0.28367236535718704,0.5411724410841536,0.17515519355865927
0.28374724760286674,0.5410513223493483,0.1752014300477851
0.28382222593385453,0.5409300482007882,0.17524772586535736
0.28389730019107623,0.5408086188957689,0.17529408091315477
0.2839724702158211,0.5406870346909984,0.17534049509318048
0.28404773584973997,0.5405652958425994,0.17538696830766073
0.28412309693484333,0.5404434026061125,0.1754335004590441
0.28419855331350014,0.5403213552364996,0.17548009145000024
0.28427410482843557,0.5401991539881454,0.17552674118341896
0.28434975132272955,0.5400767991148615,0.17557344956240895
0.284425492639815,0.5399542908698881,0.175620216490297
0.2845013286234762,0.539831629505897,0.17566704187062676
0.2845772591178472,0.539708815274995,0.17571392560715784
0.28465328396740985,0.5395858484287256,0.17576086760386467
0.28472940301699246,0.5394627292180721,0.1758078677649355
0.28480561611176786,0.5393394578934606,0.1758549259947715
0.28488192309725224,0.5392160347047621,0.1759020421979856
0.28495832381930286,0.5390924599012956,0.1759492162794015
0.28503481812411696,0.5389687337318303,0.17599644814405271
0.2851114058582298,0.5388448564445886,0.17604373769718162
0.28518808686851344,0.5387208282872483,0.17609108484423835
0.2852648610021746,0.5385966495069455,0.17613848949087985
0.2853417281067536,0.5384723203502774,0.176185951542969
0.28541868803012255,0.538347841063304,0.1762334709065735
0.28549574062048366,0.5382232118915515,0.17628104748796483
0.2855728857263679,0.5380984330800145,0.17632868119361764
0.28565012319663335,0.5379735048731583,0.1763763719302084
0.28572745288046364,0.5378484275149218,0.17642411960461463
0.2858048746273663,0.5377232012487198,0.1764719241239139
0.2858823882871716,0.5375978263174453,0.176519785395383
0.2859599937100307,0.5374723029634725,0.17656770332649682
0.2860376907464141,0.5373466314286584,0.17661567782492754
0.2861154792471103,0.537220811954346,0.17666370879854362
0.2861933590632244,0.5370948447813666,0.17671179615540902
0.2862713300461764,0.5369687301500415,0.17675993980378207
0.2863493920476996,0.5368424683001857,0.17680813965211473
0.2864275449198396,0.5367160594711088,0.17685639560905156
0.28650578851495256,0.5365895039016184,0.17690470758342902
0.2865841226857034,0.5364628018300225,0.17695307548427422
0.2866625472850649,0.5363359534941307,0.17700149922080433
0.28674106216631623,0.5362089591312581,0.17704997870242564
0.286819667183041,0.5360818189782265,0.17709851383873257
0.28689836218912634,0.5359545332713669,0.17714710453950672
0.28697714703876126,0.5358271022465224,0.17719575071471635
0.2870560215864353,0.5356995261390496,0.17724445227451507
0.287134985686937,0.5355718051838217,0.1772932091292413
0.28721403919535277,0.53544393961523,0.17734202118941722
0.2872931819670653,0.5353159296671867,0.17739088836574798
0.2873724138577521,0.535187775573127,0.17743981056912084
0.28745173472338437,0.5350594775660114,0.17748878771060433
0.28753114442022537,0.5349310358783272,0.1775378197014474
0.2876106428048294,0.534802450742092,0.1775869064530786
0.28769022973404,0.5346737223888548,0.17763604787710513
0.287769905064989,0.5345448510496988,0.17768524388531218
0.28784966865509504,0.5344158369552431,0.177734494389662
0.28792952036206193,0.534286680335645,0.17778379930229304
0.2880094600438781,0.5341573814206025,0.17783315853551937
0.28808948755881436,0.5340279404393562,0.17788257200182944
0.28816960276542325,0.533898357620691,0.1779320396138857
0.2882498055225374,0.5337686331929391,0.1779815612845235
0.2883300956892683,0.5336387673839812,0.17803113692675046
0.28841047312500534,0.5335087604212492,0.17808076645374557
0.2884909376894138,0.5333786125317277,0.17813044977885845
0.28857148924243436,0.5332483239419572,0.17818018681560854
0.28865212764428116,0.5331178948780344,0.17822997747768435
0.28873285275544114,0.5329873255656162,0.1782798216789426
0.2888136644366723,0.5328566162299202,0.17832971933340755
0.28889456254900264,0.5327257670957273,0.17837967035527008
0.288975546953729,0.5325947783873839,0.17842967465888707
0.2890566175124156,0.5324636503288038,0.1784797321587806
0.28913777408689306,0.5323323831434699,0.1785298427696371
0.28921901653925697,0.5322009770544364,0.17858000640630667
0.2893003447318668,0.5320694322843309,0.17863022298380238
0.28938175852734443,0.5319377490553563,0.17868049241729927
0.2894632577885734,0.5318059275892926,0.178730814622134
0.28954484237869743,0.5316739681074988,0.17878118951380376
0.289626512161119,0.5315418708309152,0.17883161700796568
0.2897082669994987,0.5314096359800652,0.17888209702043614
0.2897901067577536,0.5312772637750567,0.17893262946718988
0.289872031300056,0.5311447544355846,0.1789832142643594
0.28995404049083295,0.5310121081809328,0.17903385132823427
0.2900361341947644,0.5308793252299754,0.17908454057526033
0.290118312276782,0.5307464058011792,0.17913528192203884
0.29020057460206855,0.5306133501126052,0.17918607528532615
0.2902829210360564,0.530480158381911,0.17923692058203258
0.2903653514444263,0.5303468308263517,0.179287817729222
0.2904478656931065,0.5302133676627826,0.17933876664411091
0.29053046364827134,0.5300797691076607,0.17938976724406797
0.2906131451763404,0.5299460353770464,0.17944081944661305
0.2906959101439773,0.5298121666866058,0.17949192316941687
0.2907787584180883,0.5296781632516117,0.1795430783302999
0.2908616898658217,0.5295440252869462,0.17959428484723206
0.2909447043545664,0.5294097530071019,0.17964554263833177
0.29102780175195053,0.5292753466261841,0.17969685162186536
0.29111098192584123,0.5291408063579123,0.1797482117162465
0.2911942447443427,0.5290061324156219,0.1797996228400354
0.29127759007579557,0.5288713250122663,0.17985108491193813
0.29136101778877566,0.5287363843604184,0.17990259785080612
0.2914445277520928,0.528601310672272,0.1799541615756352
0.29152811983479016,0.5284661041596445,0.18000577600556528
0.2916117939061429,0.5283307650339775,0.18005744105987953
0.29169554983565715,0.5281952935063391,0.18010915665800373
0.29177938749306875,0.5280596897874258,0.1801609227195055
0.2918633067483428,0.5279239540875632,0.18021273916409403
0.2919473074716719,0.5277880866167091,0.1802646059116189
0.29203138953347574,0.5276520875844541,0.18031652288207012
0.29211555280439966,0.5275159572000235,0.18036848999557673
0.29219979715531375,0.5273796956722795,0.18042050717240676
0.29228412245731195,0.5272433032097218,0.1804725743329664
0.2923685285817107,0.52710678002049,0.18052469139779925
0.2924530154000485,0.5269701263123656,0.18057685828758588
0.29253758278408426,0.5268333422927726,0.1806290749231432
0.2926222306057968,0.5266964281687795,0.18068134122542368
0.29270695873738356,0.5265593841471015,0.18073365711551492
0.29279176705125987,0.5264222104341012,0.18078602251463893
0.2928766554200576,0.5262849072357909,0.18083843734415156
0.29296162371662443,0.5261474747578336,0.18089090152554188
0.29304667181402305,0.5260099132055454,0.18094341498043162
0.29313179958552976,0.5258722227838957,0.1809959776305745
0.2932170069046338,0.5257344036975105,0.1810485893978557
0.29330229364503635,0.5255964561506725,0.18110125020429127
0.2933876596806494,0.5254583803473232,0.18115395997202743
0.29347310488559514,0.5253201764910647,0.18120671862334012
0.29355862913420466,0.5251818447851608,0.1812595260806344
0.29364423230101727,0.525043385432539,0.18131238226644372
0.2937299142607793,0.5249047986357911,0.18136528710342958
0.2938156748884435,0.5247660845971759,0.18141824051438066
0.29390151405916787,0.5246272435186196,0.18147124242221263
0.2939874316483146,0.5244882756017182,0.18152429274996715
0.2940734275314497,0.5243491810477385,0.18157739142081164
0.2941595015843416,0.5242099600576199,0.18163053835803858
0.29424565368296024,0.524070612831975,0.1816837334850649
0.2943318837034764,0.523931139571092,0.1817369767254315
0.2944181915222608,0.5237915404749365,0.18179026800280274
0.2945045770158829,0.5236518157431514,0.1818436072409657
0.29459104006111037,0.5235119655750597,0.18189699436382986
0.294677580534908,0.5233719901696656,0.18195042929542637
0.2947641983144369,0.5232318897256555,0.18200391195990764
0.29485089327705344,0.5230916644414,0.1820574422815466
0.2949376653003087,0.5229513145149548,0.1821110201847365
0.2950245142619473,0.5228108401440628,0.18216464559398995
0.2951114400399066,0.5226702415261548,0.1822183184339387
0.295198442512316,0.522529518858351,0.18227203862933297
0.2952855215574959,0.522388672337463,0.18232580610504104
0.295372677053957,0.5222477021599945,0.18237962078604855
0.29545990888039925,0.5221066085221426,0.1824334825974581
0.2955472169157111,0.5219653916198003,0.18248739146448864
0.2956346010389689,0.5218240516485562,0.18254134731247507
0.29572206112943544,0.521682588803697,0.18259535006686758
0.2958095970665598,0.5215410032802089,0.18264939965323126
0.29589720872997627,0.5213992952727782,0.18270349599724556
0.29598489599950334,0.5212574649757931,0.18275763902470366
0.296072658755143,0.5211155125833449,0.18281182866151216
0.2961604968770801,0.5209734382892296,0.1828660648336904
0.2962484102456812,0.5208312422869488,0.18292034746737001
0.29633639874149403,0.5206889247697113,0.18297467648879454
0.29642446224524677,0.5205464859304345,0.18302905182431878
0.2965126006378466,0.5204039259617451,0.18308347340040831
0.2966008138003799,0.5202612450559811,0.18313794114363907
0.29668910161411055,0.5201184434051926,0.1831924549806968
0.29677746396047977,0.5199755212011435,0.18324701483837666
0.2968659007211049,0.5198324786353126,0.18330162064358257
0.29695441177777887,0.5196893158988942,0.18335627232332688
0.29704299701246933,0.5195460331828008,0.18341096980472982
0.2971316563073179,0.5194026306776631,0.183465713015019
0.2972203895446394,0.5192591085738315,0.183520501881529
0.2973091966069211,0.519115467061378,0.18357533633170092
0.2973980773768217,0.5189717063300965,0.18363021629308166
0.2974870317371712,0.5188278265695049,0.1836851416933239
0.2975760595709694,0.5186838279688455,0.1837401124601851
0.2976651607613854,0.518539710717087,0.18379512852152746
0.2977543351917573,0.5183954750029253,0.18385018980531737
0.2978435827455909,0.5182511210147843,0.18390529623962468
0.297932903306559,0.5181066489408184,0.18396044775262257
0.29802229675850106,0.517962058968912,0.18401564427258693
0.2981117629854219,0.5178173512866822,0.18407088572789598
0.2982013018714915,0.5176725260814787,0.18412617204702966
0.298290913301044,0.5175275835403865,0.1841815031585695
0.29838059715857695,0.5173825238502253,0.18423687899119767
0.2984703533287506,0.5172373471975522,0.18429229947369713
0.2985601816963875,0.5170920537686619,0.18434776453495072
0.29865008214647104,0.5169466437495881,0.1844032741039409
0.2987400545641457,0.516801117326105,0.1844588281097493
0.29883009883471556,0.5166554746837281,0.18451442648155636
0.298920214843644,0.5165097160077153,0.1845700691486407
0.2990104024765528,0.5163638414830684,0.18462575604037879
0.2991006616192216,0.5162178512945337,0.18468148708624466
0.29919099215758715,0.5160717456266036,0.1847372622158092
0.2992813939777425,0.5159255246635176,0.1847930813587399
0.2993718669659364,0.5157791885892632,0.18484894444480038
0.2994624110085728,0.5156327375875771,0.1849048514038501
0.29955302599220973,0.5154861718419466,0.18496080216584365
0.2996437118035591,0.5153394915356103,0.18501679666083054
0.2997344683294857,0.5151926968515594,0.18507283481895487
0.29982529545700654,0.5150457879725389,0.18512891657045458
0.2999161930732905,0.5148987650810481,0.18518504184566137
0.3000071610656572,0.5147516283593427,0.18524121057500015
0.3000981993215767,0.5146043779894347,0.18529742268898855
0.3001893077286687,0.5144570141530945,0.18535367811823675
0.30028048617470177,0.5143095370318513,0.18540997679344676
0.30037173454759303,0.5141619468069946,0.18546631864541235
0.300463052735407,0.5140142436595747,0.1855227036050183
0.3005544406263555,0.5138664277704041,0.18557913160324024
0.3006458981087966,0.513718499320059,0.18563560257114434
0.30073742507123413,0.5135704584888793,0.1856921164398865
0.30082902140231704,0.5134223054569705,0.18574867314071244
0.30092068699083874,0.5132740404042043,0.1858052726049569
0.30101242172573645,0.5131256635102199,0.18586191476404365
0.3011042254960907,0.5129771749544246,0.18591859954948464
0.30119609819112453,0.5128285749159954,0.18597532689288004
0.3012880397002029,0.5126798635738795,0.1860320967259176
0.3013800499128321,0.5125310411067955,0.18608890898037234
0.3014721287186593,0.5123821076932346,0.18614576358810614
0.3015642760074715,0.512233063511461,0.18620266048106746
0.30165649166919545,0.5120839087395138,0.18625959959129082
0.30174877559389657,0.511934643555207,0.1863165808508965
0.3018411276717787,0.5117852681361311,0.1863736041920902
0.30193354779318315,0.5116357826596544,0.18643066954716253
0.3020260358485885,0.5114861873029226,0.18648777684848883
0.3021185917286097,0.5113364822428615,0.1865449260285286
0.3022112153239977,0.5111866676561768,0.18660211701982538
0.3023039065256384,0.5110367437193555,0.18665934975500603
